100060767575220
100060767575222
100060767575240
100060767575302
100060767575394
100060767575422
100060767575506
100060767575526
100060767575527
100060767575571
100060767575649
100060767575657
100060767575677
100060767575684
100060767575690
100060767575716
100060767575736
100060767575822
100060767575823
100060767575839
100060767575846
100060767575851
100060767575861
100060767575865
100060767575899
100060767575900
100060767575918
100060767575935
100060767575937
100060767575955
100060767575971
100060767576076
100060767576121
100060767576149
100060767576199
100060767576226
100060767576246
100060767576273
100060767576297
100060767576341
100060767576351
100060767576388
100060767576420
100060767576437
100060767576480
100060767576524
100060767576525
100060767576528
100060767576539
100060767576600
100060767576639
100060767576648
100060767576649
100060767576678
100060767576710
100060767576711
100060767576750
100060767576771
100060767576783
100060767576822
100060767576848
100060767576866
100060767576883
100060767576884
100060767576892
100060767576904
100060767576921
100060767576924
100060767576936
100060767576943
100060767576994
100060767577022
100060767577044
100060767577160
100060767577173
100060767577174
100060767577176
100060767577193
100060767577208
100060767577269
100060767577271
100060767577299
100060767577317
100060767577365
100060767577407
100060767577408
100060767577464
100060767577496
100060767577499
100060767577504
100060767577507
100060767577553
100060767577574
100060767577641
100060767577666
100060767577768
100060767577769
100060767577808
100060767577833
100060767577842
100060767577844
100060767577922
100060767577934
100060767577945
100060767578004
100060767578058
100060767578064
100060767578090
100060767578100
100060767578106
100060767578117
100060767578126
100060767578138
100060767578142
100060767578155
100060767578170
100060767578182
100060767578217
100060767578223
100060767578229
100060767578250
100060767578251
100060767578275
100060767578283
100060767578291
100060767578298
100060767578319
100060767578324
100060767578366
100060767578381
100060767578400
100060767578435
100060767578445
100060767578449
100060767578483
100060767578486
100060767578498
100060767578505
100060767578512
100060767578522
100060767578583
100060767578586
100060767578596
100060767578628
100060767578668
100060767578671
100060767578684
100060767578704
100060767578791
100060767578796
100060767578807
100060767578863
100060767578882
100060767578900
100060767578942
100060767578960
100060767578964
100060767578992
100060767579056
100060767579090
100060767579111
100060767579128
100060767579186
100060767579204
100060767579213
100060767579240
100060767579298
100060767579335
100060767579411
100060767579448
100060767579453
100060767579472
100060767579473
100060767579474
100060767579497
100060767579509
100060767579515
100060767579535
100060767579593
100060767579603
100060767579613
100060767579629
100060767579709
100060767579719
100060767579726
100060767579738
100060767579776
100060767579787
100060767579788
100060767579796
100060767579800
100060767579805
100060767579846
100060767579896
100060767579932
100060767579975
100060767580022
100060767580052
100060767580086
100060767580098
100060767580161
100060767580203
100060767580219
100060767580243
100060767580244
100060767580249
100060767580261
100060767580328
100060767580338
100060767580363
100060767580378
100060767580430
100060767580434
100060767580469
100060767580485
100060767580610
100060767580616
100060767580635
100060767580636
100060767580669
100060767580688
100060767580709
100060767580717
100060767580720
100060767580723
100060767580724
100060767580754
100060767580757
100060767580778
100060767580797
100060767580807
100060767580823
100060767580850
100060767580856
100060767580900
100060767580906
100060767580907
100060767580915
100060767580931
100060767580945
100060767580990
100060767580992
100060767581003
100060767581004
100060767581017
100060767581043
100060767581073
100060767581156
100060767581158
100060767581161
100060767581199
100060767581212
100060767581231
100060767581310
100060767581328
100060767581375
100060767581428
100060767581431
100060767581471
100060767581480
100060767581510
100060767581511
100060767581528
100060767581532
100060767581576
100060767581614
100060767581635
100060767581646
100060767581648
100060767581661
100060767581671
100060767581683
100060767581711
100060767581744
100060767581759
100060767581852
100060767581861
100060767581874
100060767581880
100060767581936
100060767581938
100060767581966
100060767581968
100060767582007
100060767582020
100060767582022
100060767582028
100060767582031
100060767582065
100060767582067
100060767582073
100060767582094
100060767582097
100060767582154
100060767582165
100060767582175
100060767582192
100060767582262
100060767582307
100060767582309
100060767582384
100060767582390
100060767582400
100060767582442
100060767582445
100060767582485
100060767582497
100060767582516
100060767582540
100060767582541
100060767582553
100060767582580
100060767582604
100060767582622
100060767582627
100060767582633
100060767582673
100060767582686
100060767582693
100060767582694
100060767582698
100060767582740
100060767582745
100060767582752
100060767582759
100060767582775
100060767582788
100060767582847
100060767582858
100060767582911
100060767582913
100060767582966
100060767582968
100060767582982
100060767583014
100060767583020
100060767583063
100060767583073
100060767583082
100060767583097
100060767583099
100060767583128
100060767583131
100060767583166
100060767583186
100060767583218
100060767583235
100060767583236
100060767583272
100060767583276
100060767583278
100060767583295
100060767583299
100060767583333
100060767583339
100060767583408
100060767583451
100060767583456
100060767583512
100060767583526
100060767583531
100060767583561
100060767583643
100060767583650
100060767583668
100060767583707
100060767583724
100060767583772
100060767583807
100060767583898
100060767583910
100060767583929
100060767583935
100060767583948
100060767583964
100060767584051
100060767584072
100060767584154
100060767584163
100060767584169
100060767584183
100060767584214
100060767584219
100060767584289
100060767584305
100060767584327
100060767584381
100060767584420
100060767584432
100060767584439
100060767584466
100060767584470
100060767584499
100060767584500
100060767584520
100060767584560
100060767584578
100060767584594
100060767584595
100060767584602
100060767584627
100060767584650
100060767584668
100060767584681
100060767584710
100060767584730
100060767584736
100060767584755
100060767584761
100060767584782
100060767584794
100060767584800
100060767584807
100060767584821
100060767584837
100060767584856
100060767584873
100060767584895
100060767584902
100060767584917
100060767584931
100060767584935
100060767584996
100060767585017
100060767585020
100060767585062
100060767585077
100060767585103
100060767585108
100060767585165
100060767585224
100060767585226
100060767585241
100060767585333
100060767585351
100060767585366
100060767585433
100060767585439
100060767585444
100060767585528
100060767585533
100060767585536
100060767585594
100060767585601
100060767585605
100060767585607
100060767585655
100060767585672
100060767585711
100060767585796
100060767585872
100060767585895
100060767585948
100060767585956
100060767585985
100060767585992
100060767586021
100060767586022
100060767586029
100060767586035
100060767586083
100060767586101
100060767586110
100060767586143
100060767586150
100060767586164
100060767586201
100060767586202
100060767586229
100060767586286
100060767586289
100060767586333
100060767586350
100060767586392
100060767586394
100060767586411
100060767586413
100060767586419
100060767586433
100060767586483
100060767586492
100060767586502
100060767586544
100060767586566
100060767586626
100060767586667
100060767586681
100060767586684
100060767586725
100060767586763
100060767586797
100060767586806
100060767586810
100060767586815
100060767586823
100060767586858
100060767586872
100060767586924
100060767586931
100060767587005
100060767587027
100060767587030
100060767587056
100060767587098
100060767587123
100060767587158
100060767587162
100060767587171
100060767587196
100060767587221
100060767587231
100060767587330
100060767587345
100060767587395
100060767587404
100060767587410
100060767587428
100060767587488
100060767587491
100060767587531
100060767587535
100060767587574
100060767587595
100060767587615
100060767587639
100060767587669
100060767587685
100060767587714
100060767587734
100060767587792
100060767587812
100060767587814
100060767587834
100060767587853
100060767587912
100060767587936
100060767587945
100060767587967
100060767588002
100060767588004
100060767588005
100060767588041
100060767588047
100060767588050
100060767588086
100060767588133
100060767588145
100060767588148
100060767588160
100060767588250
100060767588305
100060767588309
100060767588331
100060767588361
100060767588382
100060767588421
100060767588428
100060767588447
100060767588535
100060767588539
100060767588594
100060767588610
100060767588624
100060767588625
100060767588706
100060767588719
100060767588747
100060767588872
100060767588896
100060767588904
100060767588906
100060767588940
100060767588943
100060767588995
100060767589018
100060767589059
100060767589062
100060767589070
100060767589106
100060767589153
100060767589156
100060767589176
100060767589194
100060767589209
100060767589220
100060767589222
100060767589223
100060767589295
100060767589296
100060767589310
100060767589328
100060767589355
100060767589362
100060767589380
100060767589385
100060767589405
100060767589429
100060767589459
100060767589463
100060767589496
100060767589504
100060767589521
100060767589526
100060767589536
100060767589563
100060767589608
100060767589627
100060767589628
100060767589677
100060767589716
100060767589718
100060767589762
100060767589767
100060767589784
100060767589793
100060767589805
100060767589845
100060767589909
100060767589915
100060767589937
100060767589952
100060767589955
100060767590055
100060767590070
100060767590115
100060767590132
100060767590162
100060767590173
100060767590181
100060767590197
100060767590219
100060767590241
100060767590279
100060767590316
100060767590370
100060767590404
100060767590471
100060767590477
100060767590540
100060767590558
100060767590599
100060767590620
100060767590665
100060767590676
100060767590682
100060767590688
100060767590693
100060767590712
100060767590723
100060767590744
100060767590762
100060767590780
100060767590821
100060767590919
100060767590943
100060767590946
100060767591010
100060767591028
100060767591031
100060767591043
100060767591125
100060767591129
100060767591135
100060767591141
100060767591174
100060767591198
100060767591213
100060767591271
100060767591274
100060767591295
100060767591329
100060767591340
100060767591363
100060767591364
100060767591395
100060767591425
100060767591435
100060767591486
100060767591488
100060767591521
100060767591548
100060767591553
100060767591581
100060767591591
100060767591597
100060767591633
100060767591663
100060767591697
100060767591712
100060767591759
100060767591775
100060767592050
100060767592064
100060767592082
100060767592137
100060767592141
100060767592152
100060767592157
100060767592165
100060767592166
100060767592219
100060767592221
100060767592225
100060767592236
100060767592294
100060767592386
100060767592448
100060767592472
100060767592479
100060767592562
100060767592572
100060767592662
100060767592665
100060767592720
100060767592754
100060767592840
100060767592865
100060767592867
100060767592890
100060767592911
100060767592930
100060767592939
100060767592941
100060767592954
100060767592956
100060767592960
100060767592992
100060767592996
100060767593003
100060767593107
100060767593117
100060767593177
100060767593218
100060767593269
100060767593275
100060767593283
100060767593288
100060767593295
100060767593319
100060767593338
100060767593380
100060767593406
100060767593457
100060767593459
100060767593468
100060767593528
100060767593550
100060767593566
100060767593617
100060767593618
100060767593660
100060767593672
100060767593691
100060767593704
100060767593712
100060767593715
100060767593732
100060767593781
100060767593803
100060767593827
100060767593851
100060767593862
100060767593871
100060767593875
100060767593885
100060767593911
100060767593930
100060767593953
100060767593961
100060767593966
100060767593990
100060767593992
100060767594010
100060767594020
100060767594076
100060767594085
100060767594118
100060767594135
100060767594140
100060767594147
100060767594157
100060767594169
100060767594183
100060767594185
100060767594206
100060767594208
100060767594213
100060767594231
100060767594331
100060767594350
100060767594354
100060767594360
100060767594385
100060767594529
100060767594532
100060767594533
100060767594562
100060767594580
100060767594613
100060767594624
100060767594690
100060767594749
100060767594753
100060767594782
100060767594819
100060767594820
100060767594822
100060767594877
100060767594888
100060767594892
100060767594894
100060767594906
100060767594907
100060767594956
100060767594973
100060767595000
100060767595004
100060767595144
100060767595168
100060767595214
100060767595226
100060767595228
100060767595248
100060767595268
100060767595273
100060767595312
100060767595340
100060767595358
100060767595447
100060767595493
100060767595590
100060767595596
100060767595597
100060767595608
100060767595618
100060767595661
100060767595689
100060767595726
100060767595751
100060767595775
100060767595779
100060767595817
100060767595858
100060767595883
100060767595947
100060767595967
100060767596015
100060767596021
100060767596034
100060767596060
100060767596092
100060767596135
100060767596199
100060767596215
100060767596231
100060767596235
100060767596274
100060767596435
100060767596463
100060767596477
100060767596489
100060767596495
100060767596539
100060767596642
100060767596645
100060767596686
100060767596691
100060767596695
100060767596707
100060767596709
100060767596712
100060767596724
100060767596752
100060767596762
100060767596924
100060767596980
100060767597000
100060767597013
100060767597015
100060767597025
100060767597031
100060767597039
100060767597044
100060767597089
100060767597095
100060767597126
100060767597182
100060767597219
100060767597257
100060767597269
100060767597283
100060767597284
100060767597298
100060767597355
100060767597425
100060767597452
100060767597456
100060767597457
100060767597461
100060767597544
100060767597563
100060767597609
100060767597623
100060767597630
100060767597632
100060767597663
100060767597664
100060767597670
100060767597674
100060767597680
100060767597701
100060767597703
100060767597731
100060767597755
100060767597758
100060767597823
100060767597840
100060767597853
100060767597857
100060767597860
100060767597904
100060767597912
100060767597933
100060767597943
100060767597978
100060767597999
100060767598011
100060767598014
100060767598032
100060767598063
100060767598088
100060767598116
100060767598131
100060767598152
100060767598225
100060767598232
100060767598259
100060767598296
100060767598302
100060767598375
100060767598380
100060767598391
100060767598402
100060767598406
100060767598436
100060767598507
100060767598513
100060767598561
100060767598620
100060767598631
100060767598653
100060767598668
100060767598717
100060767598721
100060767598726
100060767598735
100060767598753
100060767598775
100060767598787
100060767598816
100060767598835
100060767598899
100060767598983
100060767599060
100060767599063
100060767599068
100060767599141
100060767599157
100060767599258
100060767599263
100060767599279
100060767599300
100060767599353
100060767599432
100060767599438
100060767599439
100060767599471
100060767599507
100060767599508
100060767599610
100060767599637
100060767599676
100060767599685
100060767599691
100060767599702
100060767599740
100060767599751
100060767599771
100060767599788
100060767599792
100060767599797
100060767599814
100060767599829
100060767599886
100060767599898
100060767599918
100060767599931
100060767599932
100060767599962